Sample{
rline 1 5.628439e-03 5.886064e-01 1.473928e-01 -1.450488e-02 0.000000e+00 0.000000e+00 0.000000e+00 0.000000e+00
rline 1 5.628439e-03 5.886064e-01 1.473928e-01 4.035420e-01 0.000000e+00 0.000000e+00 0.000000e+00 0.000000e+00
rline 1 5.628439e-03 8.135800e-01 3.004141e-01 1.989568e-01 1.570796e+00 0.000000e+00 0.000000e+00 0.000000e+00
rline 1 5.628439e-03 8.135800e-01 -5.146004e-03 1.989568e-01 1.570796e+00 0.000000e+00 0.000000e+00 0.000000e+00

Cluster{
disk 0 2.274218e-04 1.312909e-04 2.274283e-04 4.917453e-05 0.000000e+00 0.000000e+00 0.000000e+00
disk 0 2.274218e-04 -2.626041e-04 -1.291343e-08 4.917453e-05 0.000000e+00 0.000000e+00 0.000000e+00
disk 0 2.274218e-04 1.313132e-04 -2.274154e-04 4.917453e-05 0.000000e+00 0.000000e+00 0.000000e+00
area 4.957961e-07
}
Cluster{
disk 0 1.606848e-04 9.446585e-04 1.770974e-04 8.264763e-01 0.000000e+00 0.000000e+00 0.000000e+00
disk 0 1.606848e-04 8.742999e-04 -1.364758e-04 8.264763e-01 0.000000e+00 0.000000e+00 0.000000e+00
disk 0 1.606848e-04 1.181042e-03 -4.062154e-05 8.264763e-01 0.000000e+00 0.000000e+00 0.000000e+00
area 2.475077e-07
}
Cluster{
disk 0 1.955578e-04 2.199412e-03 -1.059494e-04 4.747608e+00 0.000000e+00 0.000000e+00 0.000000e+00
disk 0 1.955578e-04 1.992049e-03 2.256707e-04 4.747608e+00 0.000000e+00 0.000000e+00 0.000000e+00
disk 0 1.955578e-04 1.808539e-03 -1.197213e-04 4.747608e+00 0.000000e+00 0.000000e+00 0.000000e+00
area 3.665972e-07
}
Cluster{
disk 0 1.843395e-04 2.849787e-03 -1.508119e-04 2.881784e+00 0.000000e+00 0.000000e+00 0.000000e+00
disk 0 1.843395e-04 3.205713e-03 -5.468207e-05 2.881784e+00 0.000000e+00 0.000000e+00 0.000000e+00
disk 0 1.843395e-04 2.944499e-03 2.054940e-04 2.881784e+00 0.000000e+00 0.000000e+00 0.000000e+00
area 3.257436e-07
}
Cluster{
disk 0 2.219611e-04 3.690612e-03 1.716491e-04 3.347475e+00 0.000000e+00 0.000000e+00 0.000000e+00
disk 0 2.219611e-04 4.021565e-03 4.675158e-04 3.347475e+00 0.000000e+00 0.000000e+00 0.000000e+00
disk 0 2.219611e-04 3.599860e-03 6.061962e-04 3.347475e+00 0.000000e+00 0.000000e+00 0.000000e+00
area 4.722727e-07
}
Cluster{
disk 0 2.099686e-04 4.405502e-03 1.335773e-04 1.375761e+00 0.000000e+00 0.000000e+00 0.000000e+00
disk 0 2.099686e-04 4.541009e-03 -2.638961e-04 1.375761e+00 0.000000e+00 0.000000e+00 0.000000e+00
disk 0 2.099686e-04 4.817477e-03 5.219300e-05 1.375761e+00 0.000000e+00 0.000000e+00 0.000000e+00
area 4.226175e-07
}
Cluster{
disk 0 1.815999e-04 5.475968e-03 1.096856e-04 2.955900e-01 0.000000e+00 0.000000e+00 0.000000e+00
disk 0 1.815999e-04 5.227970e-03 -1.556654e-04 2.955900e-01 0.000000e+00 0.000000e+00 0.000000e+00
disk 0 1.815999e-04 5.581769e-03 -2.377625e-04 2.955900e-01 0.000000e+00 0.000000e+00 0.000000e+00
area 3.161334e-07
}
Cluster{
disk 0 1.409480e-04 6.144277e-03 7.717767e-05 4.265433e+00 0.000000e+00 0.000000e+00 0.000000e+00
disk 0 1.409480e-04 6.122692e-03 3.582461e-04 4.265433e+00 0.000000e+00 0.000000e+00 0.000000e+00
disk 0 1.409480e-04 5.890072e-03 1.990195e-04 4.265433e+00 0.000000e+00 0.000000e+00 0.000000e+00
area 1.904393e-07
}
Cluster{
disk 0 2.154737e-04 6.926930e-03 -2.201366e-04 4.268145e+00 0.000000e+00 0.000000e+00 0.000000e+00
disk 0 2.154737e-04 6.892768e-03 2.094547e-04 4.268145e+00 0.000000e+00 0.000000e+00 0.000000e+00
disk 0 2.154737e-04 6.537812e-03 -3.492604e-05 4.268145e+00 0.000000e+00 0.000000e+00 0.000000e+00
area 4.450693e-07
}
Cluster{
disk 0 1.805080e-04 7.801436e-03 1.516344e-05 5.872849e+00 0.000000e+00 0.000000e+00 0.000000e+00
disk 0 1.805080e-04 7.442733e-03 -2.563864e-05 5.872849e+00 0.000000e+00 0.000000e+00 0.000000e+00
disk 0 1.805080e-04 7.657420e-03 -3.158834e-04 5.872849e+00 0.000000e+00 0.000000e+00 0.000000e+00
area 3.123430e-07
}
Cluster{
disk 0 1.963551e-04 -2.605718e-04 1.004058e-03 2.409615e+00 0.000000e+00 0.000000e+00 0.000000e+00
disk 0 1.963551e-04 1.236431e-04 9.228158e-04 2.409615e+00 0.000000e+00 0.000000e+00 0.000000e+00
disk 0 1.963551e-04 1.893057e-06 1.296177e-03 2.409615e+00 0.000000e+00 0.000000e+00 0.000000e+00
area 3.695927e-07
}
Cluster{
disk 0 2.127383e-04 6.863602e-04 5.445702e-04 3.263589e+00 0.000000e+00 0.000000e+00 0.000000e+00
disk 0 2.127383e-04 1.026206e-03 8.005685e-04 3.263589e+00 0.000000e+00 0.000000e+00 0.000000e+00
disk 0 2.127383e-04 6.345821e-04 9.668845e-04 3.263589e+00 0.000000e+00 0.000000e+00 0.000000e+00
area 4.338408e-07
}
Cluster{
disk 0 2.247935e-04 1.979669e-03 8.574894e-04 5.221109e+00 0.000000e+00 0.000000e+00 0.000000e+00
disk 0 2.247935e-04 1.593703e-03 1.088051e-03 5.221109e+00 0.000000e+00 0.000000e+00 0.000000e+00
disk 0 2.247935e-04 1.587014e-03 6.385136e-04 5.221109e+00 0.000000e+00 0.000000e+00 0.000000e+00
area 4.844024e-07
}
Cluster{
disk 0 2.077511e-04 2.716379e-03 9.938018e-04 2.172230e-01 0.000000e+00 0.000000e+00 0.000000e+00
disk 0 2.077511e-04 2.409774e-03 7.133817e-04 2.172230e-01 0.000000e+00 0.000000e+00 0.000000e+00
disk 0 2.077511e-04 2.805928e-03 5.880640e-04 2.172230e-01 0.000000e+00 0.000000e+00 0.000000e+00
area 4.137381e-07
}
Cluster{
disk 0 1.555916e-04 3.380476e-03 1.285728e-03 3.359094e-01 0.000000e+00 0.000000e+00 0.000000e+00
disk 0 1.555916e-04 3.177332e-03 1.050001e-03 3.359094e-01 0.000000e+00 0.000000e+00 0.000000e+00
disk 0 1.555916e-04 3.483051e-03 9.919371e-04 3.359094e-01 0.000000e+00 0.000000e+00 0.000000e+00
area 2.320657e-07
}
Cluster{
disk 0 1.768882e-04 3.985382e-03 1.028176e-03 3.328204e+00 0.000000e+00 0.000000e+00 0.000000e+00
disk 0 1.768882e-04 4.253624e-03 1.258836e-03 3.328204e+00 0.000000e+00 0.000000e+00 0.000000e+00
disk 0 1.768882e-04 3.919745e-03 1.375811e-03 3.328204e+00 0.000000e+00 0.000000e+00 0.000000e+00
area 2.999417e-07
}
Cluster{
disk 0 2.260611e-04 5.254502e-03 5.250587e-04 4.216956e+00 0.000000e+00 0.000000e+00 0.000000e+00
disk 0 2.260611e-04 5.241769e-03 9.770015e-04 4.216956e+00 0.000000e+00 0.000000e+00 0.000000e+00
disk 0 2.260611e-04 4.856742e-03 7.400033e-04 4.216956e+00 0.000000e+00 0.000000e+00 0.000000e+00
area 4.898808e-07
}
Cluster{
disk 0 2.243379e-04 6.169813e-03 1.227833e-03 4.836913e-02 0.000000e+00 0.000000e+00 0.000000e+00
disk 0 2.243379e-04 5.792550e-03 9.849707e-04 4.836913e-02 0.000000e+00 0.000000e+00 0.000000e+00
disk 0 2.243379e-04 6.191507e-03 7.796824e-04 4.836913e-02 0.000000e+00 0.000000e+00 0.000000e+00
area 4.824408e-07
}
Cluster{
disk 0 1.773119e-04 6.673128e-03 1.208678e-03 2.409072e+00 0.000000e+00 0.000000e+00 0.000000e+00
disk 0 1.773119e-04 7.020041e-03 1.135126e-03 2.409072e+00 0.000000e+00 0.000000e+00 0.000000e+00
disk 0 1.773119e-04 6.910282e-03 1.472337e-03 2.409072e+00 0.000000e+00 0.000000e+00 0.000000e+00
area 3.013801e-07
}
Cluster{
disk 0 2.221793e-04 7.575881e-03 1.003929e-03 4.199822e-01 0.000000e+00 0.000000e+00 0.000000e+00
disk 0 2.221793e-04 7.315091e-03 6.441470e-04 4.199822e-01 0.000000e+00 0.000000e+00 0.000000e+00
disk 0 2.221793e-04 7.757066e-03 5.981864e-04 4.199822e-01 0.000000e+00 0.000000e+00 0.000000e+00
area 4.732016e-07
}
Cluster{
disk 0 1.446040e-04 -9.518110e-05 1.718482e-03 2.623142e+00 0.000000e+00 0.000000e+00 0.000000e+00
disk 0 1.446040e-04 1.940231e-04 1.719970e-03 2.623142e+00 0.000000e+00 0.000000e+00 0.000000e+00
disk 0 1.446040e-04 4.813164e-05 1.969684e-03 2.623142e+00 0.000000e+00 0.000000e+00 0.000000e+00
area 2.004470e-07
}
Cluster{
disk 0 1.719838e-04 1.362274e-03 1.483063e-03 4.315120e+00 0.000000e+00 0.000000e+00 0.000000e+00
disk 0 1.719838e-04 1.318936e-03 1.824290e-03 4.315120e+00 0.000000e+00 0.000000e+00 0.000000e+00
disk 0 1.719838e-04 1.045094e-03 1.616145e-03 4.315120e+00 0.000000e+00 0.000000e+00 0.000000e+00
area 2.835398e-07
}
Cluster{
disk 0 2.147089e-04 2.311387e-03 1.360196e-03 3.700649e+00 0.000000e+00 0.000000e+00 0.000000e+00
disk 0 2.147089e-04 2.512777e-03 1.739461e-03 3.700649e+00 0.000000e+00 0.000000e+00 0.000000e+00
disk 0 2.147089e-04 2.083630e-03 1.724238e-03 3.700649e+00 0.000000e+00 0.000000e+00 0.000000e+00
area 4.419151e-07
}
Cluster{
disk 0 1.401458e-04 3.201198e-03 1.767570e-03 5.846105e+00 0.000000e+00 0.000000e+00 0.000000e+00
disk 0 1.401458e-04 2.921955e-03 1.743350e-03 5.846105e+00 0.000000e+00 0.000000e+00 0.000000e+00
disk 0 1.401458e-04 3.082552e-03 1.513628e-03 5.846105e+00 0.000000e+00 0.000000e+00 0.000000e+00
area 1.882779e-07
}
Cluster{
disk 0 1.521224e-04 3.936543e-03 1.883121e-03 5.316623e+00 0.000000e+00 0.000000e+00 0.000000e+00
disk 0 1.521224e-04 3.661662e-03 2.013526e-03 5.316623e+00 0.000000e+00 0.000000e+00 0.000000e+00
disk 0 1.521224e-04 3.686169e-03 1.710270e-03 5.316623e+00 0.000000e+00 0.000000e+00 0.000000e+00
area 2.218325e-07
}
Cluster{
disk 0 1.580512e-04 4.656759e-03 1.297130e-03 3.310791e+00 0.000000e+00 0.000000e+00 0.000000e+00
disk 0 1.580512e-04 4.899988e-03 1.499022e-03 3.310791e+00 0.000000e+00 0.000000e+00 0.000000e+00
disk 0 1.580512e-04 4.603530e-03 1.608718e-03 3.310791e+00 0.000000e+00 0.000000e+00 0.000000e+00
area 2.394608e-07
}
Cluster{
disk 0 1.576759e-04 5.386092e-03 1.769077e-03 5.778325e-01 0.000000e+00 0.000000e+00 0.000000e+00
disk 0 1.576759e-04 5.243452e-03 1.487828e-03 5.778325e-01 0.000000e+00 0.000000e+00 0.000000e+00
disk 0 1.576759e-04 5.558340e-03 1.504923e-03 5.778325e-01 0.000000e+00 0.000000e+00 0.000000e+00
area 2.383249e-07
}
Cluster{
disk 0 1.952747e-04 6.184828e-03 1.701750e-03 4.108694e+00 0.000000e+00 0.000000e+00 0.000000e+00
disk 0 1.952747e-04 6.216076e-03 2.091047e-03 4.108694e+00 0.000000e+00 0.000000e+00 0.000000e+00
disk 0 1.952747e-04 5.863311e-03 1.923460e-03 4.108694e+00 0.000000e+00 0.000000e+00 0.000000e+00
area 3.655366e-07
}
Cluster{
disk 0 1.644951e-04 6.704837e-03 1.914011e-03 2.613801e+00 0.000000e+00 0.000000e+00 0.000000e+00
disk 0 1.644951e-04 7.033824e-03 1.912632e-03 2.613801e+00 0.000000e+00 0.000000e+00 0.000000e+00
disk 0 1.644951e-04 6.870525e-03 2.198233e-03 2.613801e+00 0.000000e+00 0.000000e+00 0.000000e+00
area 2.593849e-07
}
Cluster{
disk 0 1.576845e-04 7.773753e-03 1.426504e-03 4.405710e+00 0.000000e+00 0.000000e+00 0.000000e+00
disk 0 1.576845e-04 7.705878e-03 1.734482e-03 4.405710e+00 0.000000e+00 0.000000e+00 0.000000e+00
disk 0 1.576845e-04 7.473099e-03 1.521712e-03 4.405710e+00 0.000000e+00 0.000000e+00 0.000000e+00
area 2.383510e-07
}
Cluster{
disk 0 1.406482e-04 -2.481048e-05 2.444800e-03 5.719714e+00 0.000000e+00 0.000000e+00 0.000000e+00
disk 0 1.406482e-04 -3.058834e-04 2.456013e-03 5.719714e+00 0.000000e+00 0.000000e+00 0.000000e+00
disk 0 1.406482e-04 -1.750576e-04 2.206991e-03 5.719714e+00 0.000000e+00 0.000000e+00 0.000000e+00
area 1.896301e-07
}
Cluster{
disk 0 2.085474e-04 8.006703e-04 2.282929e-03 4.789032e+00 0.000000e+00 0.000000e+00 0.000000e+00
disk 0 2.085474e-04 5.650779e-04 2.627115e-03 4.789032e+00 0.000000e+00 0.000000e+00 0.000000e+00
disk 0 2.085474e-04 3.848001e-04 2.250993e-03 4.789032e+00 0.000000e+00 0.000000e+00 0.000000e+00
area 4.169157e-07
}
Cluster{
disk 0 1.805445e-04 1.820607e-03 2.493086e-03 1.649041e+00 0.000000e+00 0.000000e+00 0.000000e+00
disk 0 1.805445e-04 2.025042e-03 2.195443e-03 1.649041e+00 0.000000e+00 0.000000e+00 0.000000e+00
disk 0 1.805445e-04 2.180591e-03 2.521311e-03 1.649041e+00 0.000000e+00 0.000000e+00 0.000000e+00
area 3.124693e-07
}
Cluster{
disk 0 2.257218e-04 2.941286e-03 2.694375e-03 2.982283e-01 0.000000e+00 0.000000e+00 0.000000e+00
disk 0 2.257218e-04 2.633905e-03 2.363742e-03 2.982283e-01 0.000000e+00 0.000000e+00 0.000000e+00
disk 0 2.257218e-04 3.073932e-03 2.262859e-03 2.982283e-01 0.000000e+00 0.000000e+00 0.000000e+00
area 4.884116e-07
}
Cluster{
disk 0 1.824842e-04 3.921070e-03 2.474072e-03 4.624939e+00 0.000000e+00 0.000000e+00 0.000000e+00
disk 0 1.824842e-04 3.766889e-03 2.804874e-03 4.624939e+00 0.000000e+00 0.000000e+00 0.000000e+00
disk 0 1.824842e-04 3.557496e-03 2.505948e-03 4.624939e+00 0.000000e+00 0.000000e+00 0.000000e+00
area 3.192197e-07
}
Cluster{
disk 0 1.780897e-04 4.232972e-03 2.139092e-03 2.062356e+00 0.000000e+00 0.000000e+00 0.000000e+00
disk 0 1.780897e-04 4.535570e-03 1.951213e-03 2.062356e+00 0.000000e+00 0.000000e+00 0.000000e+00
disk 0 1.780897e-04 4.546979e-03 2.307210e-03 2.062356e+00 0.000000e+00 0.000000e+00 0.000000e+00
area 3.040299e-07
}
Cluster{
disk 0 2.177770e-04 5.331418e-03 2.144412e-03 3.974985e+00 0.000000e+00 0.000000e+00 0.000000e+00
disk 0 2.177770e-04 5.423834e-03 2.570049e-03 3.974985e+00 0.000000e+00 0.000000e+00 0.000000e+00
disk 0 2.177770e-04 5.009013e-03 2.437265e-03 3.974985e+00 0.000000e+00 0.000000e+00 0.000000e+00
area 4.546352e-07
}
Cluster{
disk 0 1.879753e-04 6.251617e-03 2.627333e-03 4.752667e+00 0.000000e+00 0.000000e+00 0.000000e+00
disk 0 1.879753e-04 6.050684e-03 2.945082e-03 4.752667e+00 0.000000e+00 0.000000e+00 0.000000e+00
disk 0 1.879753e-04 5.875971e-03 2.612194e-03 4.752667e+00 0.000000e+00 0.000000e+00 0.000000e+00
area 3.387197e-07
}
Cluster{
disk 0 1.580403e-04 7.005945e-03 2.852538e-03 6.226872e+00 0.000000e+00 0.000000e+00 0.000000e+00
disk 0 1.580403e-04 6.723750e-03 2.710155e-03 6.226872e+00 0.000000e+00 0.000000e+00 0.000000e+00
disk 0 1.580403e-04 6.988155e-03 2.536959e-03 6.226872e+00 0.000000e+00 0.000000e+00 0.000000e+00
area 2.394278e-07
}
Cluster{
disk 0 2.016185e-04 7.360360e-03 2.286057e-03 2.295491e+00 0.000000e+00 0.000000e+00 0.000000e+00
disk 0 2.016185e-04 7.742809e-03 2.158254e-03 2.295491e+00 0.000000e+00 0.000000e+00 0.000000e+00
disk 0 2.016185e-04 7.662265e-03 2.553366e-03 2.295491e+00 0.000000e+00 0.000000e+00 0.000000e+00
area 3.896724e-07
}
Cluster{
disk 0 2.170249e-04 -1.967342e-04 3.242489e-03 1.552191e+00 0.000000e+00 0.000000e+00 0.000000e+00
disk 0 2.170249e-04 1.325988e-05 2.862619e-03 1.552191e+00 0.000000e+00 0.000000e+00 0.000000e+00
disk 0 2.170249e-04 2.372405e-04 3.234414e-03 1.552191e+00 0.000000e+00 0.000000e+00 0.000000e+00
area 4.515003e-07
}
Cluster{
disk 0 1.410534e-04 8.491290e-04 3.465104e-03 6.173546e+00 0.000000e+00 0.000000e+00 0.000000e+00
disk 0 1.410534e-04 5.908501e-04 3.351630e-03 6.173546e+00 0.000000e+00 0.000000e+00 0.000000e+00
disk 0 1.410534e-04 8.182607e-04 3.184691e-03 6.173546e+00 0.000000e+00 0.000000e+00 0.000000e+00
area 1.907244e-07
}
Cluster{
disk 0 2.024668e-04 1.506169e-03 2.716822e-03 4.540609e+00 0.000000e+00 0.000000e+00 0.000000e+00
disk 0 2.024668e-04 1.366627e-03 3.096953e-03 4.540609e+00 0.000000e+00 0.000000e+00 0.000000e+00
disk 0 2.024668e-04 1.107196e-03 2.786040e-03 4.540609e+00 0.000000e+00 0.000000e+00 0.000000e+00
area 3.929585e-07
}
Cluster{
disk 0 1.744540e-04 2.503153e-03 3.001966e-03 4.733474e+00 0.000000e+00 0.000000e+00 0.000000e+00
disk 0 1.744540e-04 2.322367e-03 3.300384e-03 4.733474e+00 0.000000e+00 0.000000e+00 0.000000e+00
disk 0 1.744540e-04 2.154322e-03 2.994610e-03 4.733474e+00 0.000000e+00 0.000000e+00 0.000000e+00
area 2.917433e-07
}
Cluster{
disk 0 2.164381e-04 3.274153e-03 3.121318e-03 4.093612e+00 0.000000e+00 0.000000e+00 0.000000e+00
disk 0 2.164381e-04 3.315291e-03 3.552235e-03 4.093612e+00 0.000000e+00 0.000000e+00 0.000000e+00
disk 0 2.164381e-04 2.921537e-03 3.372403e-03 4.093612e+00 0.000000e+00 0.000000e+00 0.000000e+00
area 4.490618e-07
}
Cluster{
disk 0 1.859017e-04 4.488729e-03 3.129698e-03 4.566989e-01 0.000000e+00 0.000000e+00 0.000000e+00
disk 0 1.859017e-04 4.281718e-03 2.820854e-03 4.566989e-01 0.000000e+00 0.000000e+00 0.000000e+00
disk 0 1.859017e-04 4.652690e-03 2.795999e-03 4.566989e-01 0.000000e+00 0.000000e+00 0.000000e+00
area 3.312881e-07
}
Cluster{
disk 0 2.050839e-04 5.088545e-03 3.331226e-03 3.968678e+00 0.000000e+00 0.000000e+00 0.000000e+00
disk 0 2.050839e-04 5.178100e-03 3.731497e-03 3.968678e+00 0.000000e+00 0.000000e+00 0.000000e+00
disk 0 2.050839e-04 4.786677e-03 3.608919e-03 3.968678e+00 0.000000e+00 0.000000e+00 0.000000e+00
area 4.031827e-07
}
Cluster{
disk 0 1.790404e-04 6.040333e-03 3.588105e-03 5.558779e+00 0.000000e+00 0.000000e+00 0.000000e+00
disk 0 1.790404e-04 5.689447e-03 3.659528e-03 5.558779e+00 0.000000e+00 0.000000e+00 0.000000e+00
disk 0 1.790404e-04 5.803036e-03 3.319941e-03 5.558779e+00 0.000000e+00 0.000000e+00 0.000000e+00
area 3.072848e-07
}
Cluster{
disk 0 1.675052e-04 6.379668e-03 3.381093e-03 1.713487e+00 0.000000e+00 0.000000e+00 0.000000e+00
disk 0 1.675052e-04 6.586729e-03 3.117734e-03 1.713487e+00 0.000000e+00 0.000000e+00 0.000000e+00
disk 0 1.675052e-04 6.711274e-03 3.428734e-03 1.713487e+00 0.000000e+00 0.000000e+00 0.000000e+00
area 2.689648e-07
}
Cluster{
disk 0 1.568342e-04 7.540437e-03 2.988375e-03 2.742054e+00 0.000000e+00 0.000000e+00 0.000000e+00
disk 0 1.568342e-04 7.851694e-03 3.027189e-03 2.742054e+00 0.000000e+00 0.000000e+00 0.000000e+00
disk 0 1.568342e-04 7.662452e-03 3.277339e-03 2.742054e+00 0.000000e+00 0.000000e+00 0.000000e+00
area 2.357873e-07
}
Cluster{
disk 0 1.571848e-04 7.886854e-05 3.833430e-03 4.816029e+00 0.000000e+00 0.000000e+00 0.000000e+00
disk 0 1.571848e-04 -1.056385e-04 4.087959e-03 4.816029e+00 0.000000e+00 0.000000e+00 0.000000e+00
disk 0 1.571848e-04 -2.338142e-04 3.800907e-03 4.816029e+00 0.000000e+00 0.000000e+00 0.000000e+00
area 2.368427e-07
}
Cluster{
disk 0 2.025546e-04 5.733578e-04 3.887089e-03 3.001677e+00 0.000000e+00 0.000000e+00 0.000000e+00
disk 0 2.025546e-04 9.490124e-04 4.038737e-03 3.001677e+00 0.000000e+00 0.000000e+00 0.000000e+00
disk 0 2.025546e-04 6.298541e-04 4.288239e-03 3.001677e+00 0.000000e+00 0.000000e+00 0.000000e+00
area 3.932994e-07
}
Cluster{
disk 0 1.673332e-04 1.240308e-03 3.768810e-03 1.493981e+00 0.000000e+00 0.000000e+00 0.000000e+00
disk 0 1.673332e-04 1.384906e-03 3.466994e-03 1.493981e+00 0.000000e+00 0.000000e+00 0.000000e+00
disk 0 1.673332e-04 1.573988e-03 3.743128e-03 1.493981e+00 0.000000e+00 0.000000e+00 0.000000e+00
area 2.684127e-07
}
Cluster{
disk 0 1.895088e-04 1.939118e-03 3.933615e-03 1.727291e+00 0.000000e+00 0.000000e+00 0.000000e+00
disk 0 1.895088e-04 2.177469e-03 3.638923e-03 1.727291e+00 0.000000e+00 0.000000e+00 0.000000e+00
disk 0 1.895088e-04 2.313504e-03 3.992687e-03 1.727291e+00 0.000000e+00 0.000000e+00 0.000000e+00
area 3.442689e-07
}
Cluster{
disk 0 1.532346e-04 2.753452e-03 4.077899e-03 2.257328e+00 0.000000e+00 0.000000e+00 0.000000e+00
disk 0 1.532346e-04 3.040204e-03 3.969747e-03 2.257328e+00 0.000000e+00 0.000000e+00 0.000000e+00
disk 0 1.532346e-04 2.990491e-03 4.272157e-03 2.257328e+00 0.000000e+00 0.000000e+00 0.000000e+00
area 2.250880e-07
}
Cluster{
disk 0 2.040096e-04 3.911349e-03 3.830455e-03 1.046196e+00 0.000000e+00 0.000000e+00 0.000000e+00
disk 0 2.040096e-04 3.910941e-03 3.422435e-03 1.046196e+00 0.000000e+00 0.000000e+00 0.000000e+00
disk 0 2.040096e-04 4.264500e-03 3.626091e-03 1.046196e+00 0.000000e+00 0.000000e+00 0.000000e+00
area 3.989701e-07
}
Cluster{
disk 0 1.743512e-04 4.575377e-03 4.140646e-03 3.056879e+00 0.000000e+00 0.000000e+00 0.000000e+00
disk 0 1.743512e-04 4.891031e-03 4.288821e-03 3.056879e+00 0.000000e+00 0.000000e+00 0.000000e+00
disk 0 1.743512e-04 4.604882e-03 4.488098e-03 3.056879e+00 0.000000e+00 0.000000e+00 0.000000e+00
area 2.913994e-07
}
Cluster{
disk 0 2.190570e-04 5.767718e-03 4.475585e-03 5.640141e+00 0.000000e+00 0.000000e+00 0.000000e+00
disk 0 2.190570e-04 5.332726e-03 4.527792e-03 5.640141e+00 0.000000e+00 0.000000e+00 0.000000e+00
disk 0 2.190570e-04 5.505010e-03 4.124974e-03 5.640141e+00 0.000000e+00 0.000000e+00 0.000000e+00
area 4.599952e-07
}
Cluster{
disk 0 2.184670e-04 6.669747e-03 4.247904e-03 5.712723e+00 0.000000e+00 0.000000e+00 0.000000e+00
disk 0 2.184670e-04 6.233293e-03 4.268373e-03 5.712723e+00 0.000000e+00 0.000000e+00 0.000000e+00
disk 0 2.184670e-04 6.433793e-03 3.880158e-03 5.712723e+00 0.000000e+00 0.000000e+00 0.000000e+00
area 4.575206e-07
}
Cluster{
disk 0 1.943252e-04 7.260894e-03 3.923043e-03 3.805369e-01 0.000000e+00 0.000000e+00 0.000000e+00
disk 0 1.943252e-04 7.020566e-03 3.617606e-03 3.805369e-01 0.000000e+00 0.000000e+00 0.000000e+00
disk 0 1.943252e-04 7.405246e-03 3.562195e-03 3.805369e-01 0.000000e+00 0.000000e+00 0.000000e+00
area 3.619905e-07
}
Cluster{
disk 0 1.853206e-04 1.225835e-04 4.735865e-03 5.684103e+00 0.000000e+00 0.000000e+00 0.000000e+00
disk 0 1.853206e-04 -2.470024e-04 4.763816e-03 5.684103e+00 0.000000e+00 0.000000e+00 0.000000e+00
disk 0 1.853206e-04 -8.641551e-05 4.429769e-03 5.684103e+00 0.000000e+00 0.000000e+00 0.000000e+00
area 3.292202e-07
}
Cluster{
disk 0 2.227473e-04 6.127922e-04 4.761236e-03 3.170011e+00 0.000000e+00 0.000000e+00 0.000000e+00
disk 0 2.227473e-04 9.921169e-04 4.994856e-03 3.170011e+00 0.000000e+00 0.000000e+00 0.000000e+00
disk 0 2.227473e-04 6.001338e-04 5.206551e-03 3.170011e+00 0.000000e+00 0.000000e+00 0.000000e+00
area 4.756242e-07
}
Cluster{
disk 0 2.154944e-04 1.424738e-03 4.246716e-03 3.243958e+00 0.000000e+00 0.000000e+00 0.000000e+00
disk 0 2.154944e-04 1.774011e-03 4.499223e-03 3.243958e+00 0.000000e+00 0.000000e+00 0.000000e+00
disk 0 2.154944e-04 1.380697e-03 4.675449e-03 3.243958e+00 0.000000e+00 0.000000e+00 0.000000e+00
area 4.451544e-07
}
Cluster{
disk 0 1.990913e-04 2.170930e-03 4.672441e-03 2.004543e+00 0.000000e+00 0.000000e+00 0.000000e+00
disk 0 1.990913e-04 2.496510e-03 4.443211e-03 2.004543e+00 0.000000e+00 0.000000e+00 0.000000e+00
disk 0 1.990913e-04 2.532239e-03 4.839787e-03 2.004543e+00 0.000000e+00 0.000000e+00 0.000000e+00
area 3.799648e-07
}
Cluster{
disk 0 2.151551e-04 3.345161e-03 5.244005e-03 6.199255e+00 0.000000e+00 0.000000e+00 0.000000e+00
disk 0 2.151551e-04 2.955777e-03 5.060848e-03 6.199255e+00 0.000000e+00 0.000000e+00 0.000000e+00
disk 0 2.151551e-04 3.309088e-03 4.815210e-03 6.199255e+00 0.000000e+00 0.000000e+00 0.000000e+00
area 4.437541e-07
}
Cluster{
disk 0 2.005130e-04 3.779890e-03 4.287004e-03 3.103747e+00 0.000000e+00 0.000000e+00 0.000000e+00
disk 0 2.005130e-04 4.134527e-03 4.474233e-03 3.103747e+00 0.000000e+00 0.000000e+00 0.000000e+00
disk 0 2.005130e-04 3.795063e-03 4.687743e-03 3.103747e+00 0.000000e+00 0.000000e+00 0.000000e+00
area 3.854109e-07
}
Cluster{
disk 0 1.709723e-04 4.790448e-03 5.075748e-03 1.672235e+00 0.000000e+00 0.000000e+00 0.000000e+00
disk 0 1.709723e-04 4.990529e-03 4.798451e-03 1.672235e+00 0.000000e+00 0.000000e+00 0.000000e+00
disk 0 1.709723e-04 5.130634e-03 5.110375e-03 1.672235e+00 0.000000e+00 0.000000e+00 0.000000e+00
area 2.802144e-07
}
Cluster{
disk 0 1.661229e-04 6.219727e-03 5.123156e-03 5.700916e-01 0.000000e+00 0.000000e+00 0.000000e+00
disk 0 1.661229e-04 6.067156e-03 4.828013e-03 5.700916e-01 0.000000e+00 0.000000e+00 0.000000e+00
disk 0 1.661229e-04 6.399043e-03 4.843454e-03 5.700916e-01 0.000000e+00 0.000000e+00 0.000000e+00
area 2.645441e-07
}
Cluster{
disk 0 1.709002e-04 7.092398e-03 4.936734e-03 5.954978e+00 0.000000e+00 0.000000e+00 0.000000e+00
disk 0 1.709002e-04 6.757102e-03 4.870373e-03 5.954978e+00 0.000000e+00 0.000000e+00 0.000000e+00
disk 0 1.709002e-04 6.982220e-03 4.613178e-03 5.954978e+00 0.000000e+00 0.000000e+00 0.000000e+00
area 2.799780e-07
}
Cluster{
disk 0 1.888039e-04 7.630706e-03 4.641720e-03 4.633791e-01 0.000000e+00 0.000000e+00 0.000000e+00
disk 0 1.888039e-04 7.422563e-03 4.326657e-03 4.633791e-01 0.000000e+00 0.000000e+00 0.000000e+00
disk 0 1.888039e-04 7.799486e-03 4.303932e-03 4.633791e-01 0.000000e+00 0.000000e+00 0.000000e+00
area 3.417124e-07
}
Cluster{
disk 0 2.067213e-04 -1.410043e-04 5.311397e-03 3.146035e+00 0.000000e+00 0.000000e+00 0.000000e+00
disk 0 2.067213e-04 2.161256e-04 5.519708e-03 3.146035e+00 0.000000e+00 0.000000e+00 0.000000e+00
disk 0 2.067213e-04 -1.428412e-04 5.724836e-03 3.146035e+00 0.000000e+00 0.000000e+00 0.000000e+00
area 4.096468e-07
}
Cluster{
disk 0 1.679389e-04 5.382800e-04 5.768319e-03 2.413636e+00 0.000000e+00 0.000000e+00 0.000000e+00
disk 0 1.679389e-04 8.671686e-04 5.700157e-03 2.413636e+00 0.000000e+00 0.000000e+00 0.000000e+00
disk 0 1.679389e-04 7.617547e-04 6.019064e-03 2.413636e+00 0.000000e+00 0.000000e+00 0.000000e+00
area 2.703594e-07
}
Cluster{
disk 0 2.170600e-04 1.338481e-03 5.514771e-03 1.740956e+00 0.000000e+00 0.000000e+00 0.000000e+00
disk 0 2.170600e-04 1.616071e-03 5.180999e-03 1.740956e+00 0.000000e+00 0.000000e+00 0.000000e+00
disk 0 2.170600e-04 1.766331e-03 5.588285e-03 1.740956e+00 0.000000e+00 0.000000e+00 0.000000e+00
area 4.516461e-07
}
Cluster{
disk 0 1.919592e-04 2.646218e-03 5.600106e-03 5.741684e+00 0.000000e+00 0.000000e+00 0.000000e+00
disk 0 1.919592e-04 2.262362e-03 5.606978e-03 5.741684e+00 0.000000e+00 0.000000e+00 0.000000e+00
disk 0 1.919592e-04 2.448338e-03 5.271112e-03 5.741684e+00 0.000000e+00 0.000000e+00 0.000000e+00
area 3.532292e-07
}
Cluster{
disk 0 1.736124e-04 3.400668e-03 5.645850e-03 3.328501e+00 0.000000e+00 0.000000e+00 0.000000e+00
disk 0 1.736124e-04 3.663875e-03 5.872317e-03 3.328501e+00 0.000000e+00 0.000000e+00 0.000000e+00
disk 0 1.736124e-04 3.336146e-03 5.987028e-03 3.328501e+00 0.000000e+00 0.000000e+00 0.000000e+00
area 2.889351e-07
}
Cluster{
disk 0 2.044590e-04 4.059206e-03 5.122860e-03 2.918199e+00 0.000000e+00 0.000000e+00 0.000000e+00
disk 0 2.044590e-04 4.449835e-03 5.243784e-03 2.918199e+00 0.000000e+00 0.000000e+00 0.000000e+00
disk 0 2.044590e-04 4.149798e-03 5.521617e-03 2.918199e+00 0.000000e+00 0.000000e+00 0.000000e+00
area 4.007297e-07
}
Cluster{
disk 0 1.899634e-04 5.245648e-03 5.902634e-03 5.912351e+00 0.000000e+00 0.000000e+00 0.000000e+00
disk 0 1.899634e-04 4.870145e-03 5.844820e-03 5.912351e+00 0.000000e+00 0.000000e+00 0.000000e+00
disk 0 1.899634e-04 5.107965e-03 5.548533e-03 5.912351e+00 0.000000e+00 0.000000e+00 0.000000e+00
area 3.459224e-07
}
Cluster{
disk 0 1.805244e-04 5.892506e-03 5.777385e-03 3.146870e-01 0.000000e+00 0.000000e+00 0.000000e+00
disk 0 1.805244e-04 5.651059e-03 5.508946e-03 3.146870e-01 0.000000e+00 0.000000e+00 0.000000e+00
disk 0 1.805244e-04 6.004257e-03 5.434066e-03 3.146870e-01 0.000000e+00 0.000000e+00 0.000000e+00
area 3.123997e-07
}
Cluster{
disk 0 2.037004e-04 6.960754e-03 5.487367e-03 4.784735e+00 0.000000e+00 0.000000e+00 0.000000e+00
disk 0 2.037004e-04 6.732083e-03 5.824540e-03 4.784735e+00 0.000000e+00 0.000000e+00 0.000000e+00
disk 0 2.037004e-04 6.554418e-03 5.457919e-03 4.784735e+00 0.000000e+00 0.000000e+00 0.000000e+00
area 3.977615e-07
}
Cluster{
disk 0 1.969007e-04 7.807282e-03 5.166999e-03 4.839338e+00 0.000000e+00 0.000000e+00 0.000000e+00
disk 0 1.969007e-04 7.568787e-03 5.480368e-03 4.839338e+00 0.000000e+00 0.000000e+00 0.000000e+00
disk 0 1.969007e-04 7.416650e-03 5.117141e-03 4.839338e+00 0.000000e+00 0.000000e+00 0.000000e+00
area 3.716493e-07
}
Cluster{
disk 0 2.130060e-04 2.361011e-04 6.414360e-03 5.201329e+00 0.000000e+00 0.000000e+00 0.000000e+00
disk 0 2.130060e-04 -1.252337e-04 6.640022e-03 5.201329e+00 0.000000e+00 0.000000e+00 0.000000e+00
disk 0 2.130060e-04 -1.399956e-04 6.214266e-03 5.201329e+00 0.000000e+00 0.000000e+00 0.000000e+00
area 4.349333e-07
}
Cluster{
disk 0 2.280450e-04 8.408971e-04 6.915704e-03 7.876939e-01 0.000000e+00 0.000000e+00 0.000000e+00
disk 0 2.280450e-04 7.238640e-04 6.474885e-03 7.876939e-01 0.000000e+00 0.000000e+00 0.000000e+00
disk 0 2.280450e-04 1.164141e-03 6.593941e-03 7.876939e-01 0.000000e+00 0.000000e+00 0.000000e+00
area 4.985171e-07
}
Cluster{
disk 0 1.877375e-04 1.924436e-03 6.469386e-03 9.969971e-02 0.000000e+00 0.000000e+00 0.000000e+00
disk 0 1.877375e-04 1.619566e-03 6.250215e-03 9.969971e-02 0.000000e+00 0.000000e+00 0.000000e+00
disk 0 1.877375e-04 1.961808e-03 6.095775e-03 9.969971e-02 0.000000e+00 0.000000e+00 0.000000e+00
area 3.378633e-07
}
Cluster{
disk 0 2.209255e-04 2.905248e-03 6.129684e-03 4.325692e+00 0.000000e+00 0.000000e+00 0.000000e+00
disk 0 2.209255e-04 2.844946e-03 6.567401e-03 4.325692e+00 0.000000e+00 0.000000e+00 0.000000e+00
disk 0 2.209255e-04 2.496023e-03 6.296320e-03 4.325692e+00 0.000000e+00 0.000000e+00 0.000000e+00
area 4.678760e-07
}
Cluster{
disk 0 1.552843e-04 3.706267e-03 6.579699e-03 5.455358e+00 0.000000e+00 0.000000e+00 0.000000e+00
disk 0 1.552843e-04 3.409960e-03 6.672732e-03 5.455358e+00 0.000000e+00 0.000000e+00 0.000000e+00
disk 0 1.552843e-04 3.477544e-03 6.369606e-03 5.455358e+00 0.000000e+00 0.000000e+00 0.000000e+00
area 2.311501e-07
}
Cluster{
disk 0 2.301709e-04 4.373453e-03 5.974682e-03 3.955538e+00 0.000000e+00 0.000000e+00 0.000000e+00
disk 0 2.301709e-04 4.479858e-03 6.422557e-03 3.955538e+00 0.000000e+00 0.000000e+00 0.000000e+00
disk 0 2.301709e-04 4.038784e-03 6.290769e-03 3.955538e+00 0.000000e+00 0.000000e+00 0.000000e+00
area 5.078551e-07
}
Cluster{
disk 0 1.644263e-04 5.248605e-03 6.419263e-03 4.625835e+00 0.000000e+00 0.000000e+00 0.000000e+00
disk 0 1.644263e-04 5.109414e-03 6.717205e-03 4.625835e+00 0.000000e+00 0.000000e+00 0.000000e+00
disk 0 1.644263e-04 4.920984e-03 6.447691e-03 4.625835e+00 0.000000e+00 0.000000e+00 0.000000e+00
area 2.591681e-07
}
Cluster{
disk 0 1.626518e-04 5.908359e-03 6.189641e-03 4.557898e+00 0.000000e+00 0.000000e+00 0.000000e+00
disk 0 1.626518e-04 5.790995e-03 6.493035e-03 4.557898e+00 0.000000e+00 0.000000e+00 0.000000e+00
disk 0 1.626518e-04 5.586930e-03 6.239698e-03 4.557898e+00 0.000000e+00 0.000000e+00 0.000000e+00
area 2.536043e-07
}
Cluster{
disk 0 2.205171e-04 6.696262e-03 6.705849e-03 6.279779e+00 0.000000e+00 0.000000e+00 0.000000e+00
disk 0 2.205171e-04 6.313566e-03 6.486634e-03 6.279779e+00 0.000000e+00 0.000000e+00 0.000000e+00
disk 0 2.205171e-04 6.694760e-03 6.264817e-03 6.279779e+00 0.000000e+00 0.000000e+00 0.000000e+00
area 4.661478e-07
}
Cluster{
disk 0 2.076675e-04 7.759854e-03 6.203676e-03 5.583064e+00 0.000000e+00 0.000000e+00 0.000000e+00
disk 0 2.076675e-04 7.350973e-03 6.276612e-03 5.583064e+00 0.000000e+00 0.000000e+00 0.000000e+00
disk 0 2.076675e-04 7.492249e-03 5.886043e-03 5.583064e+00 0.000000e+00 0.000000e+00 0.000000e+00
area 4.134051e-07
}
Cluster{
disk 0 1.519022e-04 -2.292488e-04 7.325148e-03 1.465207e+00 0.000000e+00 0.000000e+00 0.000000e+00
disk 0 1.519022e-04 -1.059220e-04 7.047501e-03 1.465207e+00 0.000000e+00 0.000000e+00 0.000000e+00
disk 0 1.519022e-04 7.286351e-05 7.293129e-03 1.465207e+00 0.000000e+00 0.000000e+00 0.000000e+00
area 2.211907e-07
}
Cluster{
disk 0 1.403217e-04 1.260284e-03 7.293587e-03 1.924677e+00 0.000000e+00 0.000000e+00 0.000000e+00
disk 0 1.403217e-04 1.476136e-03 7.114230e-03 1.924677e+00 0.000000e+00 0.000000e+00 0.000000e+00
disk 0 1.403217e-04 1.523538e-03 7.390841e-03 1.924677e+00 0.000000e+00 0.000000e+00 0.000000e+00
area 1.887508e-07
}
Cluster{
disk 0 2.222024e-04 1.916356e-03 7.062861e-03 2.205494e+00 0.000000e+00 0.000000e+00 0.000000e+00
disk 0 2.222024e-04 2.323484e-03 6.884699e-03 2.205494e+00 0.000000e+00 0.000000e+00 0.000000e+00
disk 0 2.222024e-04 2.274213e-03 7.326364e-03 2.205494e+00 0.000000e+00 0.000000e+00 0.000000e+00
area 4.732998e-07
}
Cluster{
disk 0 1.577145e-04 2.946032e-03 6.934930e-03 3.224994e+00 0.000000e+00 0.000000e+00 0.000000e+00
disk 0 1.577145e-04 3.205114e-03 7.114853e-03 3.224994e+00 0.000000e+00 0.000000e+00 0.000000e+00
disk 0 1.577145e-04 2.919756e-03 7.249263e-03 3.224994e+00 0.000000e+00 0.000000e+00 0.000000e+00
area 2.384418e-07
}
Cluster{
disk 0 1.669580e-04 3.724341e-03 7.017593e-03 3.714076e+00 0.000000e+00 0.000000e+00 0.000000e+00
disk 0 1.669580e-04 3.876968e-03 7.314586e-03 3.714076e+00 0.000000e+00 0.000000e+00 0.000000e+00
disk 0 1.669580e-04 3.543451e-03 7.298269e-03 3.714076e+00 0.000000e+00 0.000000e+00 0.000000e+00
area 2.672106e-07
}
Cluster{
disk 0 2.006258e-04 4.734101e-03 7.153095e-03 5.315459e+00 0.000000e+00 0.000000e+00 0.000000e+00
disk 0 2.006258e-04 4.371776e-03 7.325501e-03 5.315459e+00 0.000000e+00 0.000000e+00 0.000000e+00
disk 0 2.006258e-04 4.403630e-03 6.925516e-03 5.315459e+00 0.000000e+00 0.000000e+00 0.000000e+00
area 3.858446e-07
}
Cluster{
disk 0 1.656294e-04 5.119981e-03 7.120906e-03 2.589180e+00 0.000000e+00 0.000000e+00 0.000000e+00
disk 0 1.656294e-04 5.451103e-03 7.111363e-03 2.589180e+00 0.000000e+00 0.000000e+00 0.000000e+00
disk 0 1.656294e-04 5.293807e-03 7.402894e-03 2.589180e+00 0.000000e+00 0.000000e+00 0.000000e+00
area 2.629745e-07
}
Cluster{
disk 0 1.827841e-04 6.247468e-03 7.183663e-03 5.287367e+00 0.000000e+00 0.000000e+00 0.000000e+00
disk 0 1.827841e-04 5.921908e-03 7.349947e-03 5.287367e+00 0.000000e+00 0.000000e+00 0.000000e+00
disk 0 1.827841e-04 5.940682e-03 6.984861e-03 5.287367e+00 0.000000e+00 0.000000e+00 0.000000e+00
area 3.202694e-07
}
Cluster{
disk 0 1.452435e-04 6.583783e-03 7.320901e-03 1.692170e+00 0.000000e+00 0.000000e+00 0.000000e+00
disk 0 1.452435e-04 6.758417e-03 7.088768e-03 1.692170e+00 0.000000e+00 0.000000e+00 0.000000e+00
disk 0 1.452435e-04 6.872133e-03 7.356072e-03 1.692170e+00 0.000000e+00 0.000000e+00 0.000000e+00
area 2.022238e-07
}
Cluster{
disk 0 2.309681e-04 7.293995e-03 6.933423e-03 2.610001e+00 0.000000e+00 0.000000e+00 0.000000e+00
disk 0 2.309681e-04 7.755916e-03 6.929731e-03 2.610001e+00 0.000000e+00 0.000000e+00 0.000000e+00
disk 0 2.309681e-04 7.528153e-03 7.331612e-03 2.610001e+00 0.000000e+00 0.000000e+00 0.000000e+00
area 5.113788e-07
}
}

